0 0.0490677 0.0980171 0.14673 0.19509 0.24298 0.290285 0.33689 0.382683 0.427555 0.471397 0.514103 0.55557 0.595699 0.634393 0.671559 0.707107 0.740951 0.77301 0.803208 0.83147 0.857729 0.881921 0.903989 0.92388 0.941544 0.95694 0.970031 0.980785 0.989177 0.995185 0.998795 1 0.998795 0.995185 0.989177 0.980785 0.970031 0.95694 0.941544 0.92388 0.903989 0.881921 0.857729 0.83147 0.803208 0.77301 0.740951 0.707107 0.671559 0.634393 0.595699 0.55557 0.514103 0.471397 0.427555 0.382683 0.33689 0.290285 0.24298 0.19509 0.14673 0.0980171 0.0490677 1.22465e-16 
0.0980171 0.135744 0.174212 0.21323 0.252612 0.292181 0.331766 0.371204 0.410338 0.449018 0.487099 0.524445 0.560922 0.596405 0.630773 0.663912 0.695714 0.726074 0.754897 0.78209 0.807568 0.831251 0.853064 0.87294 0.890815 0.906633 0.920343 0.931899 0.941263 0.9484 0.953283 0.95589 0.956204 0.954214 0.949915 0.943308 0.934398 0.923195 0.909717 0.893982 0.876019 0.855856 0.833528 0.809075 0.78254 0.75397 0.723414 0.690926 0.656563 0.620382 0.582445 0.542815 0.501555 0.45873 0.414404 0.368643 0.32151 0.273068 0.223378 0.172497 0.120481 0.067379 0.013237 -0.0419059 -0.0980171 
0.19509 0.221677 0.249858 0.279365 0.309947 0.341365 0.373394 0.405821 0.438446 0.471078 0.503538 0.535655 0.567268 0.598224 0.628381 0.657603 0.685761 0.712735 0.738412 0.762687 0.785461 0.806642 0.826144 0.84389 0.859807 0.87383 0.885898 0.89596 0.903966 0.909877 0.913657 0.915276 0.91471 0.911941 0.906954 0.899743 0.890303 0.878636 0.864748 0.84865 0.830357 0.809886 0.787261 0.762505 0.735647 0.706718 0.675749 0.642777 0.607836 0.570962 0.532192 0.491561 0.449106 0.404857 0.358847 0.311102 0.261645 0.210494 0.157661 0.10315 0.046957 -0.0109321 -0.0705422 -0.131911 -0.19509 
0.290285 0.306016 0.324177 0.344426 0.366445 0.389937 0.414622 0.44024 0.466545 0.49331 0.520318 0.547367 0.574268 0.600843 0.626924 0.652355 0.67699 0.700691 0.723329 0.744784 0.764946 0.78371 0.80098 0.816669 0.830693 0.84298 0.85346 0.862074 0.868765 0.873485 0.876192 0.876848 0.875421 0.871885 0.866218 0.858406 0.848434 0.836297 0.82199 0.805514 0.786873 0.766073 0.743124 0.718037 0.690825 0.661505 0.63009 0.596598 0.561042 0.523439 0.483799 0.442134 0.398449 0.352748 0.305026 0.255274 0.203475 0.149604 0.0936234 0.0354857 -0.0248706 -0.0875221 -0.152563 -0.220105 -0.290285 
0.382683 0.387925 0.396406 0.407716 0.42147 0.437314 0.454916 0.473969 0.494185 0.515297 0.537055 0.559226 0.581593 0.603952 0.626115 0.647903 0.669152 0.689707 0.709426 0.728174 0.745827 0.76227 0.777397 0.791109 0.803316 0.813934 0.822888 0.830109 0.835534 0.839106 0.840777 0.840501 0.838239 0.833958 0.827629 0.819227 0.808732 0.796128 0.781401 0.764544 0.745548 0.724409 0.701125 0.675693 0.648114 0.618387 0.58651 0.552482 0.516298 0.477952 0.437434 0.394727 0.349811 0.302659 0.253235 0.201494 0.147379 0.0908234 0.0317434 -0.0299596 -0.0944024 -0.161723 -0.232081 -0.305663 -0.382683 
0.471397 0.466593 0.465807 0.46856 0.474405 0.482932 0.493759 0.506533 0.520927 0.536636 0.553377 0.570887 0.588923 0.607257 0.625677 0.643988 0.662005 0.679559 0.696491 0.712656 0.727916 0.742145 0.755227 0.767053 0.777525 0.786552 0.794048 0.799938 0.804153 0.806628 0.807307 0.806139 0.803077 0.79808 0.791112 0.782141 0.771138 0.75808 0.742944 0.725712 0.706366 0.684892 0.661274 0.635499 0.607552 0.577419 0.545082 0.510523 0.473718 0.43464 0.393257 0.34953 0.303411 0.254844 0.203763 0.150088 0.0937259 0.034568 -0.0275128 -0.0926642 -0.161056 -0.232885 -0.308374 -0.387781 -0.471397 
0.55557 0.541242 0.53167 0.52631 0.524657 0.526248 0.530653 0.537477 0.546352 0.55694 0.568926 0.582021 0.595953 0.610472 0.625348 0.640363 0.655319 0.670029 0.684323 0.69804 0.711033 0.723165 0.734309 0.74435 0.753179 0.760697 0.766813 0.771443 0.77451 0.775945 0.775685 0.77367 0.769848 0.764171 0.756597 0.747085 0.735601 0.72211 0.706584 0.688994 0.669314 0.647518 0.623581 0.597476 0.569178 0.538656 0.505879 0.470811 0.433412 0.393635 0.351427 0.306726 0.25946 0.209545 0.156886 0.10137 0.0428697 -0.0187631 -0.0836975 -0.152127 -0.224273 -0.300386 -0.380751 -0.465691 -0.55557 
0.634393 0.611133 0.593321 0.580351 0.571665 0.566748 0.565127 0.566366 0.570061 0.575843 0.583366 0.592313 0.602392 0.613329 0.624875 0.636795 0.648875 0.660914 0.672728 0.684145 0.695008 0.705169 0.714494 0.722856 0.730141 0.736242 0.741061 0.744507 0.746498 0.746957 0.745815 0.743006 0.738473 0.732161 0.724019 0.714003 0.702068 0.688176 0.672288 0.654367 0.634379 0.612287 0.588056 0.561649 0.533028 0.502149 0.468967 0.433432 0.395485 0.355063 0.312093 0.26649 0.21816 0.166993 0.112867 0.0556389 -0.00485256 -0.0687912 -0.136386 -0.207873 -0.283521 -0.363634 -0.448552 -0.538661 -0.634393 
0.707107 0.675575 0.650129 0.630108 0.614901 0.603949 0.596739 0.592795 0.591683 0.593001 0.596378 0.601472 0.607968 0.615575 0.624024 0.633064 0.642468 0.65202 0.661526 0.670802 0.679682 0.688008 0.695637 0.702437 0.708285 0.713067 0.716679 0.719025 0.720016 0.719569 0.717609 0.714066 0.708876 0.701978 0.693316 0.682838 0.670494 0.656238 0.640024 0.621808 0.601547 0.579195 0.554708 0.528039 0.499136 0.467947 0.434412 0.398466 0.360036 0.319042 0.275392 0.228982 0.179697 0.127404 0.0719521 0.0131729 -0.0491259 -0.115162 -0.18518 -0.259457 -0.338305 -0.422075 -0.511162 -0.606007 -0.707107 
0.77301 0.733929 0.701513 0.675048 0.65388 0.637408 0.62508 0.61639 0.610872 0.608096 0.607669 0.609225 0.612431 0.616976 0.622576 0.628968 0.635907 0.64317 0.65055 0.657853 0.664905 0.67154 0.677607 0.682967 0.687491 0.69106 0.693562 0.694896 0.694969 0.693692 0.690985 0.686773 0.680986 0.673558 0.664428 0.653538 0.640832 0.626258 0.609763 0.591296 0.570806 0.54824 0.523544 0.496662 0.467533 0.436093 0.402269 0.365985 0.327154 0.285679 0.241453 0.194354 0.144245 0.090974 0.0343669 -0.0257713 -0.0896605 -0.157548 -0.229713 -0.306469 -0.388166 -0.4752 -0.568012 -0.667098 -0.77301 
0.83147 0.785618 0.746944 0.71469 0.688161 0.66672 0.649782 0.636811 0.627315 0.62084 0.616972 0.615325 0.615549 0.617318 0.620334 0.624319 0.629019 0.6342 0.639645 0.645153 0.65054 0.655635 0.660281 0.664331 0.66765 0.670115 0.67161 0.672027 0.671269 0.669244 0.665865 0.661053 0.654735 0.646839 0.637299 0.626053 0.613039 0.598199 0.581474 0.562808 0.542141 0.519415 0.494568 0.467534 0.438244 0.406623 0.37259 0.336054 0.296918 0.25507 0.210389 0.162736 0.111959 0.0578828 0.000315172 -0.0609623 -0.126194 -0.195656 -0.269655 -0.348537 -0.432689 -0.522545 -0.618589 -0.721363 -0.83147 
0.881921 0.830127 0.785954 0.748606 0.717352 0.691526 0.670514 0.653754 0.640732 0.630975 0.624048 0.619552 0.617118 0.61641 0.617117 0.61895 0.621646 0.624962 0.628672 0.63257 0.636464 0.640177 0.643546 0.646421 0.648661 0.650138 0.650731 0.650331 0.648835 0.646146 0.642175 0.636839 0.63006 0.621762 0.611876 0.600335 0.587072 0.572024 0.555127 0.53632 0.515537 0.492713 0.46778 0.440663 0.411287 0.379568 0.345414 0.308727 0.269395 0.227298 0.182299 0.134247 0.0829725 0.0282862 -0.0300242 -0.0921964 -0.158497 -0.229224 -0.304711 -0.385333 -0.471508 -0.563702 -0.662436 -0.768293 -0.881921 
0.92388 0.867014 0.818138 0.776425 0.741115 0.711515 0.686989 0.666956 0.650882 0.638276 0.62869 0.62171 0.616958 0.614084 0.612768 0.612713 0.613649 0.615324 0.617508 0.619987 0.622564 0.625059 0.627303 0.629142 0.630431 0.63104 0.630844 0.629729 0.62759 0.624328 0.619849 0.614067 0.606901 0.598273 0.588109 0.576337 0.562889 0.547697 0.530692 0.511808 0.490975 0.468123 0.443175 0.416054 0.386676 0.354949 0.320775 0.284046 0.244641 0.20243 0.157265 0.108983 0.057401 0.00231626 -0.0564992 -0.1193 -0.18637 -0.258029 -0.334632 -0.416576 -0.504306 -0.598316 -0.69916 -0.807453 -0.92388 
0.95694 0.895909 0.84316 0.797838 0.759165 0.726427 0.69897 0.676196 0.657558 0.642553 0.63072 0.621637 0.614914 0.610195 0.607152 0.605482 0.604908 0.605174 0.606044 0.6073 0.608743 0.610187 0.611461 0.612407 0.61288 0.612743 0.611872 0.610149 0.607467 0.603723 0.598823 0.592678 0.585203 0.576319 0.565948 0.554016 0.540451 0.525182 0.508137 0.489246 0.468434 0.445627 0.420745 0.393704 0.364415 0.33278 0.298694 0.262042 0.222697 0.180519 0.135351 0.0870208 0.0353355 -0.0199201 -0.0789862 -0.142131 -0.209653 -0.281888 -0.359209 -0.442032 -0.530822 -0.626097 -0.728435 -0.838477 -0.95694 
0.980785 0.916522 0.860751 0.812602 0.771278 0.736054 0.706263 0.681297 0.660597 0.643654 0.629997 0.619198 0.610862 0.604626 0.600157 0.59715 0.595322 0.594414 0.594188 0.594423 0.594916 0.59548 0.595942 0.596143 0.595934 0.595178 0.593748 0.591526 0.588401 0.584272 0.579041 0.572617 0.564914 0.55585 0.545346 0.533326 0.519716 0.504442 0.487429 0.468604 0.44789 0.425208 0.400476 0.373605 0.344501 0.313064 0.279182 0.242734 0.203589 0.161599 0.116602 0.068417 0.0168432 -0.0383433 -0.0973919 -0.160581 -0.228222 -0.30066 -0.378282 -0.461519 -0.550852 -0.646815 -0.750003 -0.861081 -0.980785 
0.995185 0.928642 0.87072 0.820537 0.77729 0.740245 0.708729 0.682127 0.659877 0.641463 0.626412 0.614292 0.604704 0.597285 0.591697 0.587634 0.584811 0.582969 0.581866 0.581282 0.581013 0.580871 0.580682 0.580284 0.57953 0.578283 0.576413 0.573802 0.570339 0.56592 0.560449 0.553832 0.545983 0.536819 0.52626 0.514227 0.500646 0.48544 0.468534 0.449851 0.429314 0.406841 0.382347 0.35574 0.326924 0.295794 0.262237 0.226127 0.187329 0.14569 0.101044 0.053205 0.00196642 -0.0529014 -0.111654 -0.174578 -0.24199 -0.314245 -0.391738 -0.474909 -0.56425 -0.660305 -0.763683 -0.875059 -0.995185 
1 0.932141 0.872947 0.821534 0.777099 0.738904 0.706277 0.678602 0.655316 0.635904 0.619893 0.606849 0.596374 0.588106 0.581707 0.576871 0.573315 0.570778 0.569021 0.567822 0.566979 0.566305 0.565624 0.564778 0.563618 0.562006 0.559815 0.556926 0.553229 0.548619 0.542999 0.536277 0.528366 0.519182 0.508645 0.496676 0.483199 0.468137 0.451415 0.432954 0.412676 0.390497 0.366331 0.340085 0.311662 0.280954 0.247846 0.212212 0.173911 0.132791 0.0886821 0.0413954 -0.00927817 -0.0635714 -0.121744 -0.184083 -0.250912 -0.322589 -0.399513 -0.482129 -0.570932 -0.666472 -0.769364 -0.880287 -1 
0.995185 0.926975 0.86739 0.815553 0.770664 0.731992 0.698869 0.670684 0.646879 0.62694 0.610401 0.59683 0.585834 0.577051 0.570149 0.564824 0.560794 0.557802 0.555611 0.554002 0.552773 0.551739 0.550728 0.549581 0.548152 0.546304 0.543912 0.540856 0.537028 0.532325 0.526649 0.51991 0.512021 0.502898 0.492461 0.480633 0.467336 0.452496 0.436034 0.417875 0.397938 0.376141 0.352396 0.326611 0.298687 0.268517 0.235985 0.200965 0.163316 0.122884 0.0795005 0.0329755 -0.0169002 -0.0703597 -0.127662 -0.189097 -0.254985 -0.325685 -0.401595 -0.48316 -0.570875 -0.665288 -0.767011 -0.876725 -0.995185 
0.980785 0.913185 0.854084 0.802622 0.758009 0.719527 0.686519 0.658383 0.634569 0.614574 0.597936 0.584232 0.573076 0.564111 0.55701 0.551476 0.54723 0.544021 0.541614 0.539796 0.538367 0.537146 0.535963 0.534663 0.533101 0.531144 0.528667 0.525555 0.5217 0.517 0.51136 0.504691 0.496907 0.487925 0.477667 0.466056 0.453017 0.438474 0.422352 0.404574 0.385062 0.363733 0.340502 0.315276 0.287959 0.258443 0.226615 0.192348 0.155505 0.115933 0.0734629 0.0279093 -0.0209356 -0.0733021 -0.129447 -0.189654 -0.254244 -0.323568 -0.398021 -0.478041 -0.564117 -0.656792 -0.756668 -0.864418 -0.980785 
0.95694 0.890893 0.833139 0.782838 0.739221 0.701587 0.669294 0.641757 0.618437 0.598845 0.582531 0.569082 0.558121 0.5493 0.542301 0.536833 0.532625 0.529432 0.527025 0.525195 0.523749 0.522509 0.521311 0.520002 0.518442 0.5165 0.514055 0.510995 0.507213 0.502612 0.497099 0.490585 0.482988 0.474227 0.464225 0.452908 0.440201 0.426031 0.410325 0.393008 0.374003 0.353229 0.330603 0.306036 0.279431 0.250685 0.219686 0.186311 0.150426 0.111881 0.0705119 0.0261369 -0.0214467 -0.0724639 -0.127165 -0.185829 -0.248765 -0.316319 -0.388877 -0.466865 -0.550761 -0.641093 -0.738452 -0.843492 -0.95694 
0.92388 0.860307 0.804741 0.756368 0.714448 0.678302 0.647311 0.620908 0.598574 0.579835 0.564257 0.55144 0.54102 0.532662 0.526057 0.520924 0.517001 0.514051 0.511853 0.510205 0.508921 0.507827 0.506765 0.505588 0.50416 0.502354 0.500055 0.497152 0.493543 0.489134 0.483835 0.477561 0.47023 0.461767 0.452097 0.441147 0.428847 0.415125 0.39991 0.383131 0.364713 0.344579 0.322648 0.298834 0.273045 0.245181 0.215135 0.182787 0.148008 0.110655 0.0705697 0.0275757 -0.0185217 -0.0679392 -0.120918 -0.177727 -0.238666 -0.304067 -0.3743 -0.44978 -0.530966 -0.618368 -0.712554 -0.814158 -0.92388 
0.881921 0.821713 0.769146 0.723445 0.683899 0.649861 0.620737 0.595986 0.575112 0.557661 0.543216 0.531397 0.521854 0.514266 0.508337 0.503798 0.5004 0.497913 0.496127 0.494848 0.493896 0.493108 0.49233 0.491421 0.490251 0.4887 0.486655 0.484011 0.480671 0.476544 0.471544 0.46559 0.458604 0.450514 0.441248 0.430737 0.418913 0.40571 0.391059 0.374892 0.357138 0.337725 0.316576 0.293608 0.268735 0.241862 0.212886 0.181696 0.148167 0.112165 0.0735381 0.0321202 -0.012274 -0.0598508 -0.110839 -0.165495 -0.224103 -0.286979 -0.354477 -0.426989 -0.504953 -0.588856 -0.67924 -0.776705 -0.881921 
0.83147 0.775476 0.726686 0.684364 0.64784 0.616501 0.589787 0.567184 0.548223 0.532475 0.519546 0.509074 0.500728 0.494204 0.489223 0.485528 0.482882 0.48107 0.47989 0.479158 0.478705 0.478374 0.478021 0.477511 0.476721 0.475536 0.473849 0.471562 0.468583 0.464824 0.460204 0.454647 0.448081 0.440434 0.431642 0.421638 0.410359 0.397742 0.383723 0.368239 0.351224 0.332609 0.312323 0.290289 0.266426 0.240646 0.212854 0.182944 0.150802 0.116301 0.0792998 0.0396434 -0.0028418 -0.0483484 -0.0970911 -0.149309 -0.205269 -0.265268 -0.329637 -0.398744 -0.473001 -0.552864 -0.638842 -0.731501 -0.83147 
0.77301 0.722036 0.677756 0.639484 0.606594 0.578515 0.554722 0.534736 0.518119 0.504468 0.493414 0.484621 0.477776 0.472596 0.468819 0.466203 0.464528 0.463589 0.463199 0.463185 0.463387 0.463659 0.463864 0.463877 0.463581 0.462869 0.461641 0.459804 0.457271 0.453961 0.449799 0.444713 0.438634 0.431499 0.423245 0.413812 0.403141 0.391174 0.377853 0.363118 0.346909 0.329165 0.309818 0.2888 0.266036 0.241445 0.21494 0.186426 0.155798 0.122938 0.0877189 0.0499971 0.00961381 -0.033608 -0.0798658 -0.12938 -0.182395 -0.239185 -0.300057 -0.365349 -0.435441 -0.510756 -0.591764 -0.678988 -0.77301 
0.707107 0.661901 0.622816 0.58922 0.560537 0.53624 0.515847 0.498917 0.485045 0.473859 0.465019 0.458214 0.453156 0.449581 0.447248 0.445933 0.445432 0.445555 0.446128 0.446991 0.447996 0.449006 0.449896 0.450547 0.450854 0.450715 0.450038 0.448738 0.446733 0.443949 0.440316 0.435768 0.430243 0.423681 0.416026 0.407223 0.397219 0.38596 0.373395 0.35947 0.344131 0.327322 0.308985 0.289057 0.267472 0.244158 0.219038 0.192025 0.163026 0.131937 0.098642 0.063014 0.0249096 -0.0158301 -0.0593828 -0.105947 -0.155744 -0.209021 -0.266055 -0.327152 -0.392658 -0.462955 -0.53847 -0.619677 -0.707107 
0.634393 0.595646 0.562385 0.53404 0.510091 0.490059 0.473508 0.460038 0.449281 0.4409 0.434587 0.430056 0.427048 0.425321 0.424655 0.424847 0.425708 0.427067 0.428763 0.430652 0.432596 0.434471 0.436161 0.43756 0.438569 0.439096 0.439057 0.438373 0.436971 0.434783 0.431745 0.427798 0.422886 0.416954 0.409954 0.401834 0.392549 0.382052 0.370296 0.357235 0.342822 0.327008 0.309743 0.290972 0.270638 0.248679 0.225028 0.19961 0.172345 0.143142 0.1119 0.0785084 0.0428422 0.00476227 -0.0358871 -0.0792802 -0.125612 -0.175099 -0.227987 -0.284547 -0.345084 -0.409936 -0.479482 -0.554144 -0.634393 
0.55557 0.523904 0.497037 0.474465 0.455725 0.440395 0.428086 0.418442 0.411138 0.405871 0.402368 0.400374 0.399655 0.399997 0.401201 0.403086 0.405483 0.408236 0.411204 0.414252 0.417261 0.420116 0.422714 0.424959 0.426762 0.428039 0.428717 0.428723 0.427992 0.426463 0.424081 0.420791 0.416545 0.411295 0.404998 0.39761 0.389091 0.379401 0.368501 0.356352 0.342913 0.328146 0.312006 0.294449 0.275429 0.254893 0.232785 0.209045 0.183603 0.156386 0.127309 0.0962784 0.0631896 0.0279251 -0.00964684 -0.049674 -0.0923221 -0.137777 -0.186247 -0.237965 -0.293193 -0.352221 -0.415377 -0.483025 -0.55557 
0.471397 0.447363 0.427394 0.411056 0.397949 0.387708 0.379996 0.374506 0.370953 0.369077 0.368637 0.369412 0.371198 0.373806 0.377063 0.38081 0.384897 0.389189 0.393559 0.39789 0.402076 0.406015 0.409618 0.412797 0.415476 0.417581 0.419045 0.419806 0.419808 0.418996 0.417322 0.414739 0.411206 0.406682 0.40113 0.394514 0.386802 0.377959 0.367954 0.356756 0.344333 0.330654 0.315685 0.299391 0.281735 0.262678 0.242175 0.22018 0.196638 0.171491 0.144672 0.116107 0.0857134 0.0533961 0.0190494 -0.0174462 -0.0562252 -0.0974389 -0.141258 -0.187873 -0.2375 -0.29038 -0.346781 -0.407008 -0.471397 
0.382683 0.366756 0.35412 0.344414 0.337305 0.332489 0.329683 0.32863 0.32909 0.330844 0.333689 0.337437 0.341915 0.346963 0.352434 0.358189 0.364104 0.37006 0.375949 0.381671 0.387133 0.392249 0.39694 0.401133 0.404761 0.40776 0.410073 0.411647 0.412434 0.412388 0.411468 0.409635 0.406855 0.403095 0.398324 0.392515 0.385641 0.377677 0.368599 0.358384 0.347009 0.334452 0.320688 0.305694 0.289443 0.271908 0.253059 0.232861 0.211278 0.188267 0.163781 0.137766 0.110161 0.080897 0.0498949 0.0170654 -0.017693 -0.0544954 -0.0934719 -0.13477 -0.178555 -0.225015 -0.274361 -0.326828 -0.382683 
0.290285 0.282857 0.277916 0.275174 0.274369 0.275258 0.277617 0.281239 0.285932 0.291519 0.297835 0.304729 0.31206 0.319696 0.327516 0.335408 0.343266 0.350995 0.358503 0.365708 0.372532 0.378904 0.384758 0.390033 0.394671 0.398622 0.401837 0.404274 0.405891 0.406652 0.406524 0.405477 0.403482 0.400516 0.396555 0.391578 0.385568 0.378507 0.370379 0.361171 0.350867 0.339455 0.326921 0.313252 0.298434 0.282452 0.26529 0.246928 0.227345 0.206518 0.184419 0.161014 0.136268 0.110136 0.0825679 0.053506 0.0228832 -0.00937753 -0.0433645 -0.0791787 -0.116935 -0.156765 -0.198818 -0.243261 -0.290285 
0.19509 0.196473 0.19951 0.203996 0.209737 0.216556 0.224286 0.232775 0.241878 0.251462 0.261402 0.271583 0.281897 0.292242 0.302525 0.312657 0.322556 0.332147 0.341358 0.350124 0.358382 0.366076 0.373153 0.379565 0.385266 0.390217 0.394378 0.397716 0.4002 0.401802 0.402497 0.402263 0.401079 0.398929 0.395798 0.391674 0.386544 0.380402 0.373239 0.365051 0.355831 0.345578 0.334288 0.321959 0.308589 0.294176 0.278719 0.262214 0.244656 0.226041 0.206361 0.185605 0.16376 0.14081 0.116735 0.0915073 0.0650972 0.0374664 0.00857001 -0.0216452 -0.053242 -0.0862934 -0.120884 -0.157112 -0.19509 
0.0980171 0.108433 0.119657 0.131562 0.144027 0.156941 0.170197 0.183695 0.197341 0.211046 0.224727 0.238303 0.251701 0.264849 0.277682 0.290136 0.302153 0.313677 0.324657 0.335044 0.344793 0.353861 0.362211 0.369805 0.376611 0.382598 0.38774 0.392011 0.39539 0.397858 0.399398 0.399996 0.39964 0.398322 0.396033 0.392771 0.388532 0.383316 0.377124 0.369959 0.361828 0.352736 0.342691 0.331704 0.319785 0.306944 0.293195 0.278551 0.263024 0.246629 0.229377 0.211283 0.192356 0.17261 0.152052 0.130691 0.108531 0.0855755 0.061823 0.0372694 0.0119056 -0.0142821 -0.0413133 -0.0692139 -0.0980171 
1.22465e-16 0.0195849 0.0391225 0.0585659 0.0778683 0.0969831 0.115864 0.134466 0.152745 0.170655 0.188154 0.205201 0.221753 0.23777 0.253215 0.268051 0.28224 0.29575 0.308547 0.320601 0.331882 0.342364 0.352022 0.360831 0.368771 0.375823 0.381969 0.387195 0.391488 0.394839 0.397238 0.39868 0.399161 0.398681 0.397241 0.394843 0.391495 0.387203 0.381978 0.375833 0.368783 0.360844 0.352036 0.34238 0.331899 0.320619 0.308566 0.295769 0.28226 0.268071 0.253236 0.23779 0.221772 0.20522 0.188173 0.170672 0.15276 0.134481 0.115877 0.0969936 0.0778768 0.0585723 0.0391268 0.019587 -1.22465e-16 
-0.0980171 -0.0692162 -0.0413178 -0.0142888 0.0118967 0.0372585 0.0618103 0.0855611 0.108515 0.130674 0.152034 0.172591 0.192337 0.211263 0.229358 0.24661 0.263006 0.278533 0.293178 0.306928 0.319769 0.33169 0.342679 0.352724 0.361818 0.369951 0.377117 0.38331 0.388528 0.392769 0.396032 0.398322 0.399642 0.399999 0.399403 0.397864 0.395398 0.39202 0.387751 0.38261 0.376625 0.36982 0.362227 0.353879 0.344811 0.335063 0.324677 0.313698 0.302174 0.290157 0.277703 0.26487 0.251721 0.238323 0.224745 0.211063 0.197357 0.183709 0.170209 0.156951 0.144035 0.131567 0.119661 0.108435 0.0980171 
-0.19509 -0.157115 -0.120889 -0.0863003 -0.0532511 -0.0216564 0.00855713 0.037452 0.0650814 0.0914905 0.116717 0.140792 0.163742 0.185586 0.206342 0.226023 0.244639 0.262197 0.278704 0.294162 0.308576 0.321947 0.334277 0.345568 0.355823 0.365044 0.373235 0.380399 0.386543 0.391673 0.395799 0.398932 0.401083 0.402268 0.402504 0.401811 0.400211 0.397728 0.394391 0.390231 0.385282 0.379582 0.373171 0.366095 0.358402 0.350144 0.341379 0.332169 0.322578 0.312678 0.302546 0.292263 0.281917 0.271603 0.26142 0.251478 0.241893 0.232788 0.224298 0.216565 0.209744 0.204001 0.199514 0.196474 0.19509 
-0.290285 -0.243263 -0.198823 -0.156773 -0.116945 -0.0791899 -0.0433773 -0.00939181 0.0228678 0.0534897 0.082551 0.110119 0.136251 0.160997 0.184402 0.206502 0.22733 0.246913 0.265276 0.28244 0.298423 0.313242 0.326913 0.339448 0.350861 0.361166 0.370377 0.378506 0.385568 0.39158 0.396558 0.40052 0.403488 0.405484 0.406533 0.406662 0.405902 0.404287 0.401852 0.398638 0.394688 0.390051 0.384778 0.378925 0.372553 0.36573 0.358525 0.351017 0.343289 0.33543 0.327538 0.319717 0.31208 0.304748 0.297853 0.291535 0.285946 0.281251 0.277628 0.275267 0.274375 0.275179 0.277919 0.282859 0.290285 
-0.382683 -0.326831 -0.274366 -0.225022 -0.178564 -0.134781 -0.0934846 -0.0545093 -0.017708 0.0170498 0.0498788 0.0808808 0.110145 0.13775 0.163766 0.188252 0.211264 0.232849 0.253047 0.271898 0.289434 0.305686 0.320682 0.334447 0.347006 0.358382 0.368598 0.377678 0.385643 0.392519 0.398329 0.403101 0.406863 0.409645 0.411479 0.4124 0.412448 0.411662 0.410089 0.407777 0.404779 0.401153 0.396961 0.39227 0.387154 0.381693 0.375971 0.370082 0.364126 0.358212 0.352455 0.346984 0.341935 0.337455 0.333706 0.33086 0.329104 0.328642 0.329693 0.332497 0.337311 0.344418 0.354123 0.366757 0.382683 
-0.471397 -0.40701 -0.346786 -0.290387 -0.237509 -0.187884 -0.14127 -0.0974524 -0.0562394 -0.017461 0.0190344 0.0533812 0.0856988 0.116093 0.144658 0.171478 0.196626 0.220169 0.242166 0.26267 0.281729 0.299386 0.315681 0.330652 0.344333 0.356756 0.367956 0.377962 0.386806 0.39452 0.401137 0.406691 0.411216 0.41475 0.417334 0.41901 0.419823 0.419823 0.419062 0.417599 0.415495 0.412818 0.409639 0.406037 0.402098 0.397913 0.393581 0.389212 0.38492 0.380832 0.377085 0.373826 0.371217 0.36943 0.368653 0.369092 0.370966 0.374517 0.380005 0.387714 0.397954 0.411059 0.427396 0.447364 0.471397 
-0.55557 -0.483028 -0.415382 -0.352228 -0.293202 -0.237976 -0.186259 -0.13779 -0.0923356 -0.0496878 -0.00966062 0.0279116 0.0631766 0.096266 0.127297 0.156376 0.183594 0.209036 0.232778 0.254887 0.275425 0.294447 0.312004 0.328146 0.342915 0.356354 0.368505 0.379406 0.389097 0.397618 0.405007 0.411306 0.416557 0.420804 0.424095 0.426479 0.428008 0.42874 0.428735 0.428059 0.426782 0.42498 0.422736 0.420139 0.417284 0.414275 0.411227 0.408259 0.405505 0.403107 0.401222 0.400016 0.399673 0.40039 0.402383 0.405885 0.411149 0.418452 0.428093 0.440401 0.455729 0.474468 0.497039 0.523905 0.55557 
-0.634393 -0.554147 -0.479487 -0.409942 -0.345092 -0.284557 -0.227998 -0.175111 -0.125624 -0.0792927 -0.0358995 0.00475032 0.0428309 0.078498 0.111891 0.143133 0.172338 0.199605 0.225024 0.248676 0.270636 0.290972 0.309744 0.327011 0.342826 0.35724 0.370302 0.382059 0.392558 0.401844 0.409965 0.416967 0.422899 0.427812 0.43176 0.434799 0.436988 0.438391 0.439076 0.439116 0.43859 0.437582 0.436183 0.434493 0.432619 0.430675 0.428786 0.427089 0.42573 0.424867 0.424675 0.42534 0.427065 0.430072 0.434601 0.440912 0.449291 0.460046 0.473514 0.490064 0.510094 0.534042 0.562386 0.595646 0.634393 
-0.707107 -0.61968 -0.538474 -0.462962 -0.392667 -0.327162 -0.266065 -0.209032 -0.155755 -0.105958 -0.0593936 -0.0158403 0.0249003 0.0630056 0.0986348 0.131931 0.163021 0.192022 0.219036 0.244158 0.267473 0.289059 0.308989 0.327327 0.344137 0.359477 0.373403 0.38597 0.397229 0.407235 0.416039 0.423695 0.430257 0.435784 0.440333 0.443966 0.446751 0.448757 0.450059 0.450736 0.450875 0.45057 0.449918 0.449029 0.448019 0.447014 0.44615 0.445577 0.445453 0.445953 0.447267 0.449599 0.453172 0.458228 0.465032 0.473869 0.485053 0.498924 0.515852 0.536243 0.560539 0.58922 0.622816 0.661901 0.707107 
-0.77301 -0.678991 -0.591769 -0.510763 -0.435449 -0.365358 -0.300066 -0.239195 -0.182405 -0.129389 -0.0798749 -0.0336164 0.00960643 0.0499909 0.0877139 0.122935 0.155796 0.186426 0.214941 0.241447 0.266039 0.288805 0.309824 0.329172 0.346918 0.363127 0.377863 0.391186 0.403154 0.413826 0.423259 0.431514 0.43865 0.44473 0.449817 0.45398 0.45729 0.459824 0.461662 0.46289 0.463603 0.463899 0.463886 0.463681 0.46341 0.463207 0.46322 0.46361 0.464548 0.466222 0.468836 0.472612 0.477791 0.484633 0.493425 0.504477 0.518126 0.534741 0.554726 0.578517 0.606595 0.639484 0.677755 0.722036 0.77301 
-0.83147 -0.731504 -0.638847 -0.55287 -0.473008 -0.398752 -0.329645 -0.265277 -0.205278 -0.149317 -0.0970986 -0.0483549 -0.00284711 0.0396393 0.0792972 0.1163 0.150802 0.182946 0.212857 0.240651 0.266432 0.290296 0.312331 0.332619 0.351235 0.368251 0.383736 0.397755 0.410373 0.421653 0.431657 0.440451 0.448098 0.454665 0.460223 0.464843 0.468602 0.471583 0.47387 0.475557 0.476742 0.477532 0.478042 0.478396 0.478727 0.479179 0.47991 0.481089 0.482901 0.485545 0.489239 0.494219 0.500741 0.509085 0.519555 0.532482 0.548229 0.567187 0.589789 0.616502 0.64784 0.684363 0.726685 0.775476 0.83147 
-0.881921 -0.776707 -0.679244 -0.588862 -0.50496 -0.426996 -0.354484 -0.286986 -0.22411 -0.165502 -0.110845 -0.0598553 -0.0122772 0.0321185 0.0735378 0.112166 0.14817 0.1817 0.212892 0.241869 0.268743 0.293618 0.316587 0.337737 0.357151 0.374905 0.391073 0.405725 0.418929 0.430753 0.441265 0.450531 0.458622 0.465608 0.471563 0.476563 0.480691 0.484031 0.486675 0.488721 0.490272 0.491442 0.492351 0.493129 0.493917 0.494868 0.496146 0.497931 0.500417 0.503814 0.508352 0.514278 0.521865 0.531406 0.543223 0.557666 0.575115 0.595988 0.620737 0.64986 0.683898 0.723443 0.769145 0.821712 0.881921 
-0.92388 -0.81416 -0.712558 -0.618373 -0.530972 -0.449787 -0.374307 -0.304073 -0.238672 -0.177732 -0.120922 -0.0679417 -0.0185227 0.0275762 0.0705717 0.110659 0.148013 0.182794 0.215143 0.245191 0.273055 0.298846 0.322661 0.344592 0.364727 0.383146 0.399926 0.415141 0.428864 0.441165 0.452115 0.461786 0.470249 0.47758 0.483855 0.489154 0.493563 0.497172 0.500075 0.502375 0.50418 0.505608 0.506785 0.507847 0.50894 0.510224 0.511871 0.514068 0.517017 0.520938 0.52607 0.532673 0.541029 0.551447 0.564262 0.579839 0.598576 0.620908 0.64731 0.678301 0.714446 0.756366 0.804738 0.860305 0.92388 
-0.95694 -0.843494 -0.738456 -0.641098 -0.550766 -0.466871 -0.388882 -0.316324 -0.248769 -0.185832 -0.127167 -0.0724643 -0.0214456 0.0261396 0.0705162 0.111887 0.150433 0.18632 0.219696 0.250697 0.279444 0.30605 0.330618 0.353245 0.374019 0.393025 0.410343 0.426049 0.440219 0.452926 0.464244 0.474246 0.483007 0.490605 0.497119 0.502632 0.507233 0.511015 0.514075 0.51652 0.518462 0.520021 0.52133 0.522528 0.523767 0.525212 0.527041 0.529447 0.532639 0.536845 0.542312 0.549309 0.558128 0.569087 0.582534 0.598847 0.618437 0.641755 0.669292 0.701584 0.739218 0.782835 0.833136 0.890891 0.95694 
-0.980785 -0.864419 -0.756671 -0.656796 -0.564122 -0.478046 -0.398025 -0.323571 -0.254246 -0.189656 -0.129447 -0.0733006 -0.0209325 0.0279141 0.0734694 0.115941 0.155515 0.19236 0.226628 0.258457 0.287974 0.315292 0.340519 0.363751 0.38508 0.404593 0.422371 0.438493 0.453036 0.466076 0.477686 0.487944 0.496926 0.504711 0.51138 0.51702 0.52172 0.525575 0.528687 0.531163 0.53312 0.534681 0.535981 0.537163 0.538384 0.539811 0.541629 0.544034 0.547242 0.551486 0.557019 0.564117 0.57308 0.584235 0.597937 0.614573 0.634567 0.65838 0.686515 0.719523 0.758004 0.802617 0.854081 0.913183 0.980785 
-0.995185 -0.876727 -0.767014 -0.665291 -0.570878 -0.483164 -0.401598 -0.325687 -0.254986 -0.189097 -0.127661 -0.0703563 -0.0168951 0.0329824 0.079509 0.122894 0.163327 0.200978 0.236 0.268533 0.298703 0.326628 0.352414 0.37616 0.397957 0.417895 0.436054 0.452515 0.467356 0.480652 0.492481 0.502917 0.51204 0.51993 0.526669 0.532344 0.537047 0.540875 0.54393 0.546323 0.54817 0.549598 0.550744 0.551755 0.552788 0.554016 0.555624 0.557813 0.560804 0.564832 0.570156 0.577056 0.585837 0.596831 0.6104 0.626938 0.646875 0.670679 0.698863 0.731986 0.770658 0.815548 0.867386 0.926973 0.995185 
-1 -0.880288 -0.769366 -0.666475 -0.570934 -0.482131 -0.399515 -0.32259 -0.250912 -0.184081 -0.12174 -0.0635662 -0.00927119 0.0414041 0.0886925 0.132803 0.173925 0.212227 0.247863 0.280972 0.31168 0.340104 0.36635 0.390517 0.412696 0.432975 0.451435 0.468158 0.483219 0.496696 0.508665 0.519202 0.528386 0.536297 0.543018 0.548637 0.553247 0.556944 0.559832 0.562023 0.563634 0.564794 0.565639 0.566319 0.566993 0.567834 0.569031 0.570787 0.573322 0.576877 0.581711 0.588108 0.596375 0.606847 0.61989 0.6359 0.655311 0.678596 0.70627 0.738897 0.777092 0.821528 0.872942 0.932139 1 
-0.995185 -0.87506 -0.763685 -0.660307 -0.564252 -0.474911 -0.391738 -0.314244 -0.241988 -0.174574 -0.111649 -0.0528945 0.00197511 0.0532154 0.101056 0.145704 0.187344 0.226144 0.262254 0.295813 0.326943 0.35576 0.382367 0.406862 0.429335 0.449872 0.468555 0.48546 0.500666 0.514247 0.526279 0.536839 0.546002 0.553851 0.560467 0.565938 0.570356 0.573818 0.576429 0.578298 0.579545 0.580298 0.580695 0.580883 0.581025 0.581292 0.581875 0.582976 0.584816 0.587637 0.591699 0.597285 0.604703 0.614289 0.626408 0.641457 0.65987 0.682119 0.708721 0.740237 0.777283 0.82053 0.870715 0.928639 0.995185 
-0.980785 -0.861082 -0.750005 -0.646816 -0.550853 -0.461519 -0.378281 -0.300658 -0.228218 -0.160576 -0.0973853 -0.0383349 0.0168534 0.068429 0.116616 0.161615 0.203606 0.242752 0.279201 0.313084 0.344522 0.373626 0.400497 0.42523 0.447912 0.468625 0.48745 0.504462 0.519737 0.533346 0.545366 0.555869 0.564932 0.572634 0.579058 0.584289 0.588418 0.591541 0.593763 0.595192 0.595947 0.596155 0.595954 0.595491 0.594925 0.594431 0.594194 0.594419 0.595325 0.597152 0.600157 0.604624 0.610858 0.619193 0.629991 0.643646 0.660589 0.681288 0.706254 0.736045 0.77127 0.812594 0.860746 0.916519 0.980785 
-0.95694 -0.838478 -0.728435 -0.626098 -0.530822 -0.442031 -0.359207 -0.281885 -0.209649 -0.142125 -0.0789782 -0.0199104 0.035347 0.0870341 0.135366 0.180535 0.222715 0.262061 0.298714 0.332801 0.364436 0.393726 0.420767 0.445649 0.468456 0.489267 0.508158 0.525202 0.540471 0.554035 0.565967 0.576337 0.585221 0.592695 0.59884 0.603739 0.607482 0.610163 0.611885 0.612756 0.612892 0.612418 0.611471 0.610195 0.60875 0.607306 0.606048 0.605177 0.604909 0.605482 0.60715 0.610191 0.614909 0.62163 0.630712 0.642544 0.657548 0.676186 0.698959 0.726417 0.759156 0.797831 0.843154 0.895906 0.95694 
-0.92388 -0.807453 -0.699161 -0.598317 -0.504305 -0.416575 -0.334629 -0.258025 -0.186365 -0.119293 -0.0564901 0.00232712 0.0574136 0.108997 0.157281 0.202447 0.24466 0.284065 0.320796 0.35497 0.386698 0.416076 0.443197 0.468144 0.490997 0.511829 0.530713 0.547717 0.562909 0.576356 0.588127 0.598291 0.606918 0.614083 0.619864 0.624342 0.627604 0.629742 0.630856 0.631051 0.630441 0.629151 0.627311 0.625065 0.62257 0.619991 0.61751 0.615325 0.613648 0.612711 0.612764 0.614078 0.616951 0.621702 0.62868 0.638265 0.65087 0.666945 0.686978 0.711504 0.741105 0.776417 0.818132 0.86701 0.92388 
-0.881921 -0.768293 -0.662436 -0.563701 -0.471507 -0.385331 -0.304708 -0.229219 -0.15849 -0.0921882 -0.0300143 0.0282979 0.0829859 0.134262 0.182316 0.227316 0.269415 0.308747 0.345435 0.379589 0.411309 0.440685 0.467801 0.492735 0.515559 0.536341 0.555148 0.572043 0.587091 0.600353 0.611894 0.621779 0.630075 0.636854 0.642189 0.646159 0.648847 0.650343 0.650742 0.650147 0.648669 0.646428 0.643552 0.640182 0.636467 0.632572 0.628673 0.624961 0.621644 0.618946 0.617111 0.616403 0.61711 0.619542 0.624037 0.630964 0.64072 0.653742 0.670502 0.691515 0.717343 0.748598 0.785948 0.830124 0.881921 
-0.83147 -0.721363 -0.618589 -0.522544 -0.432688 -0.348534 -0.269651 -0.19565 -0.126187 -0.0609535 0.000325754 0.0578951 0.111972 0.162752 0.210406 0.255089 0.296937 0.336074 0.37261 0.406644 0.438265 0.467555 0.494589 0.519436 0.542162 0.562828 0.581494 0.598217 0.613057 0.62607 0.637315 0.646854 0.654749 0.661067 0.665877 0.669255 0.67128 0.672037 0.671618 0.670123 0.667657 0.664336 0.660285 0.655638 0.650542 0.645154 0.639644 0.634198 0.629015 0.624313 0.620327 0.61731 0.61554 0.615315 0.61696 0.620828 0.627302 0.636798 0.64977 0.666708 0.688151 0.714682 0.746938 0.785614 0.83147 
-0.77301 -0.667098 -0.568012 -0.475199 -0.388164 -0.306465 -0.229709 -0.157542 -0.0896529 -0.025762 0.0343778 0.0909866 0.144259 0.194369 0.24147 0.285697 0.327173 0.366005 0.40229 0.436113 0.467554 0.496683 0.523565 0.54826 0.570825 0.591315 0.609781 0.626276 0.640849 0.653554 0.664443 0.673572 0.680999 0.686785 0.690996 0.693702 0.694978 0.694905 0.693569 0.691066 0.687496 0.682971 0.67761 0.671541 0.664905 0.657852 0.650547 0.643166 0.635902 0.628961 0.622568 0.616967 0.61242 0.609214 0.607656 0.608084 0.610859 0.616378 0.625068 0.637397 0.65387 0.67504 0.701507 0.733926 0.77301 
-0.707107 -0.606007 -0.511161 -0.422074 -0.338303 -0.259453 -0.185175 -0.115155 -0.0491181 0.0131824 0.0719631 0.127416 0.179711 0.228998 0.275408 0.31906 0.360055 0.398485 0.434431 0.467967 0.499156 0.528058 0.554728 0.579214 0.601565 0.621826 0.640041 0.656254 0.67051 0.682852 0.693329 0.70199 0.708888 0.714077 0.717619 0.719578 0.720024 0.719032 0.716685 0.713072 0.708288 0.70244 0.695638 0.688008 0.67968 0.6708 0.661522 0.652015 0.642461 0.633057 0.624015 0.615565 0.607957 0.60146 0.596365 0.592988 0.59167 0.592782 0.596726 0.603938 0.614891 0.6301 0.650124 0.675572 0.707107 
-0.634393 -0.53866 -0.448551 -0.363632 -0.283519 -0.207869 -0.136381 -0.0687848 -0.00484469 0.0556483 0.112878 0.167006 0.218173 0.266504 0.312108 0.35508 0.395503 0.43345 0.468986 0.502167 0.533046 0.561667 0.588074 0.612304 0.634395 0.654383 0.672303 0.688191 0.702082 0.714016 0.724031 0.732172 0.738483 0.743015 0.745823 0.746964 0.746504 0.744512 0.741065 0.736245 0.730143 0.722857 0.714494 0.705168 0.695006 0.684142 0.672723 0.660908 0.648868 0.636787 0.624866 0.613319 0.602381 0.592301 0.583353 0.57583 0.570049 0.566353 0.565115 0.566737 0.571655 0.580344 0.593316 0.61113 0.634393 
-0.55557 -0.46569 -0.38075 -0.300384 -0.22427 -0.152123 -0.0836926 -0.0187568 0.0428773 0.101379 0.156896 0.209557 0.259473 0.30674 0.351442 0.393651 0.433428 0.470827 0.505895 0.538672 0.569194 0.597493 0.623597 0.647534 0.669329 0.689009 0.706598 0.722123 0.735613 0.747097 0.756607 0.764181 0.769856 0.773677 0.775691 0.775951 0.774515 0.771446 0.766816 0.760699 0.75318 0.74435 0.734308 0.723163 0.71103 0.698036 0.684318 0.670023 0.655311 0.640355 0.625338 0.610462 0.595942 0.582009 0.568914 0.556928 0.54634 0.537465 0.530642 0.526238 0.524649 0.526303 0.531665 0.541239 0.55557 
-0.471397 -0.387781 -0.308373 -0.232883 -0.161054 -0.0926606 -0.0275081 0.0345739 0.0937329 0.150096 0.203772 0.254855 0.303422 0.349542 0.393271 0.434654 0.473732 0.510537 0.545097 0.577434 0.607567 0.635513 0.661288 0.684905 0.706379 0.725725 0.742956 0.758091 0.771149 0.78215 0.79112 0.798087 0.803084 0.806145 0.807313 0.806633 0.804157 0.799941 0.79405 0.786553 0.777525 0.767053 0.755225 0.742142 0.727912 0.712651 0.696486 0.679552 0.661998 0.64398 0.625668 0.607247 0.588913 0.570876 0.553365 0.536624 0.520916 0.506523 0.493749 0.482923 0.474397 0.468554 0.465803 0.46659 0.471397 
-0.382683 -0.305662 -0.23208 -0.161721 -0.0944 -0.0299563 0.0317476 0.0908286 0.147385 0.201501 0.253243 0.302668 0.349821 0.394737 0.437445 0.477964 0.51631 0.552494 0.586522 0.618399 0.648126 0.675705 0.701136 0.72442 0.745559 0.764554 0.781411 0.796137 0.80874 0.819234 0.827636 0.833964 0.838245 0.840505 0.840781 0.839109 0.835536 0.83011 0.822889 0.813934 0.803315 0.791108 0.777395 0.762267 0.745823 0.728169 0.70942 0.689701 0.669145 0.647895 0.626107 0.603944 0.581584 0.559216 0.537045 0.515287 0.494175 0.47396 0.454908 0.437306 0.421464 0.40771 0.396402 0.387923 0.382683 
-0.290285 -0.220105 -0.152562 -0.0875207 -0.0248685 0.0354884 0.0936269 0.149608 0.20348 0.25528 0.305032 0.352755 0.398457 0.442142 0.483808 0.523448 0.561052 0.596607 0.6301 0.661514 0.690835 0.718046 0.743133 0.766082 0.786881 0.805522 0.821998 0.836304 0.848441 0.858411 0.866224 0.871889 0.875425 0.876851 0.876195 0.873487 0.868766 0.862075 0.85346 0.842979 0.830692 0.816667 0.800978 0.783707 0.764942 0.74478 0.723324 0.700685 0.676984 0.652349 0.626917 0.600835 0.57426 0.547359 0.52031 0.493302 0.466538 0.440232 0.414615 0.38993 0.36644 0.344422 0.324173 0.306014 0.290285 
-0.19509 -0.131911 -0.0705416 -0.0109311 0.0469585 0.103152 0.157664 0.210497 0.261649 0.311106 0.358852 0.404862 0.449111 0.491567 0.532198 0.570968 0.607842 0.642784 0.675756 0.706724 0.735653 0.762511 0.787267 0.809892 0.830363 0.848656 0.864753 0.87864 0.890307 0.899747 0.906958 0.911944 0.914713 0.915278 0.913659 0.909879 0.903967 0.89596 0.885898 0.873829 0.859806 0.843889 0.826143 0.80664 0.785458 0.762684 0.738409 0.712731 0.685756 0.657598 0.628376 0.598219 0.567262 0.535649 0.503532 0.471072 0.43844 0.405816 0.373389 0.34136 0.309943 0.279362 0.249856 0.221676 0.19509 
-0.0980171 -0.0419057 0.0132373 0.0673796 0.120482 0.172498 0.223379 0.273069 0.321512 0.368645 0.414406 0.458732 0.501558 0.542818 0.582449 0.620386 0.656566 0.69093 0.723417 0.753973 0.782544 0.809079 0.833531 0.855859 0.876022 0.893985 0.909719 0.923198 0.9344 0.94331 0.949917 0.954215 0.956205 0.955891 0.953284 0.948401 0.941263 0.931899 0.920343 0.906633 0.890814 0.872939 0.853063 0.831249 0.807566 0.782088 0.754895 0.726072 0.695711 0.66391 0.63077 0.596402 0.560919 0.524442 0.487096 0.449015 0.410335 0.371201 0.331763 0.292178 0.25261 0.213228 0.174211 0.135743 0.0980171 
-2.44929e-16 0.0490677 0.0980171 0.14673 0.19509 0.24298 0.290285 0.33689 0.382683 0.427555 0.471397 0.514103 0.55557 0.595699 0.634393 0.671559 0.707107 0.740951 0.77301 0.803208 0.83147 0.857729 0.881921 0.903989 0.92388 0.941544 0.95694 0.970031 0.980785 0.989177 0.995185 0.998795 1 0.998795 0.995185 0.989177 0.980785 0.970031 0.95694 0.941544 0.92388 0.903989 0.881921 0.857729 0.83147 0.803208 0.77301 0.740951 0.707107 0.671559 0.634393 0.595699 0.55557 0.514103 0.471397 0.427555 0.382683 0.33689 0.290285 0.24298 0.19509 0.14673 0.0980171 0.0490677 2.44929e-16 
