0 0.0980171 0.19509 0.290285 0.382683 0.471397 0.55557 0.634393 0.707107 0.77301 0.83147 0.881921 0.92388 0.95694 0.980785 0.995185 1 0.995185 0.980785 0.95694 0.92388 0.881921 0.83147 0.77301 0.707107 0.634393 0.55557 0.471397 0.382683 0.290285 0.19509 0.0980171 1.22465e-16 
0.19509 0.249927 0.310058 0.373529 0.438591 0.503685 0.567411 0.628517 0.685886 0.738527 0.785566 0.826239 0.859891 0.885972 0.904031 0.913712 0.914755 0.906989 0.890327 0.86476 0.830356 0.787246 0.735617 0.675704 0.607774 0.532113 0.449012 0.358741 0.261532 0.157551 0.0468617 -0.0706032 -0.19509 
0.382683 0.396541 0.421688 0.45518 0.494468 0.53734 0.58187 0.626376 0.669394 0.709646 0.746026 0.777575 0.803474 0.823026 0.835652 0.840876 0.838319 0.827689 0.808771 0.781417 0.745539 0.701089 0.648049 0.586414 0.51617 0.437273 0.349622 0.253023 0.147155 0.0315236 -0.0945912 -0.232201 -0.382683 
0.55557 0.531865 0.524972 0.531033 0.54676 0.569338 0.596351 0.625722 0.655664 0.684637 0.711315 0.734561 0.7534 0.767005 0.774674 0.775821 0.769956 0.756675 0.735648 0.706598 0.669293 0.62352 0.569075 0.505731 0.433218 0.351188 0.259179 0.156572 0.0425392 -0.0840198 -0.224549 -0.380927 -0.55557 
0.707107 0.650377 0.6153 0.597221 0.592201 0.596899 0.608471 0.624496 0.642903 0.661921 0.680035 0.695951 0.708559 0.716917 0.720217 0.717774 0.709005 0.693407 0.670546 0.640034 0.601511 0.554623 0.498997 0.434217 0.359783 0.275081 0.179334 0.071548 -0.0495508 -0.185593 -0.338659 -0.511387 -0.707107 
0.83147 0.747234 0.68863 0.650348 0.627922 0.617582 0.616138 0.620886 0.629527 0.640105 0.650952 0.660644 0.667968 0.671883 0.671499 0.666052 0.654879 0.6374 0.613093 0.581479 0.542092 0.494461 0.438074 0.372354 0.296614 0.210018 0.111526 -0.000164524 -0.126698 -0.270144 -0.433107 -0.618855 -0.83147 
0.92388 0.818461 0.741635 0.687618 0.651556 0.629368 0.617612 0.613381 0.614212 0.618017 0.623019 0.627704 0.630781 0.631144 0.627842 0.620053 0.607058 0.588216 0.562945 0.530693 0.490916 0.443051 0.386482 0.320508 0.244299 0.156848 0.0569167 -0.0570357 -0.186933 -0.335178 -0.504772 -0.699456 -0.92388 
0.980785 0.861094 0.771832 0.706932 0.661315 0.630718 0.611557 0.600809 0.595921 0.59473 0.5954 0.596369 0.596305 0.594066 0.588669 0.579257 0.565079 0.545459 0.519774 0.487428 0.447825 0.400342 0.344294 0.278896 0.203223 0.116157 0.0163268 -0.0979636 -0.22882 -0.378863 -0.551348 -0.750318 -0.980785 
1 0.873297 0.777664 0.70696 0.65605 0.620631 0.597087 0.582375 0.573929 0.569577 0.567477 0.566063 0.564 0.560144 0.553505 0.543223 0.528538 0.508763 0.48326 0.451416 0.412611 0.366196 0.311451 0.247556 0.173538 0.0882283 -0.00980489 -0.122327 -0.251523 -0.400106 -0.571438 -0.769685 -1 
0.980785 0.854429 0.758566 0.687193 0.635294 0.598665 0.57378 0.557673 0.54784 0.542168 0.538863 0.536402 0.533485 0.528998 0.521979 0.511588 0.497083 0.47779 0.453084 0.42236 0.385005 0.340375 0.287757 0.226334 0.155142 0.0730206 -0.02145 -0.130017 -0.254841 -0.398601 -0.564613 -0.756983 -0.980785 
0.92388 0.805067 0.714977 0.647951 0.599263 0.564952 0.541694 0.526692 0.517587 0.512386 0.5094 0.507191 0.504535 0.50038 0.49382 0.484063 0.47041 0.452226 0.428922 0.399929 0.36467 0.322538 0.272864 0.214878 0.147674 0.0701592 -0.0190011 -0.121451 -0.239226 -0.374845 -0.531431 -0.71285 -0.92388 
0.83147 0.726982 0.648321 0.59037 0.548853 0.520183 0.501347 0.489809 0.483426 0.480387 0.479155 0.478423 0.477077 0.474161 0.468851 0.460429 0.448262 0.431777 0.410446 0.383758 0.351202 0.31224 0.266278 0.212636 0.150513 0.0789404 -0.00326484 -0.097564 -0.205767 -0.330122 -0.473417 -0.639107 -0.83147 
0.707107 0.623071 0.560952 0.516353 0.485593 0.465577 0.4537 0.447766 0.445916 0.446575 0.448404 0.450264 0.451185 0.450332 0.446989 0.440536 0.430425 0.416169 0.397319 0.37345 0.344137 0.308937 0.267367 0.218871 0.162797 0.0983513 0.0245626 -0.0597744 -0.156159 -0.266462 -0.393008 -0.538693 -0.707107 
0.55557 0.497243 0.45606 0.428497 0.411586 0.402827 0.400107 0.401636 0.405894 0.411587 0.417616 0.423041 0.427059 0.428986 0.428233 0.424293 0.416727 0.405148 0.389207 0.36858 0.342952 0.312001 0.275376 0.232682 0.183448 0.127102 0.0629353 -0.00993926 -0.0926365 -0.186558 -0.293462 -0.41555 -0.55557 
0.382683 0.354268 0.337549 0.329985 0.329424 0.334035 0.342262 0.352773 0.36443 0.37626 0.387427 0.397217 0.40502 0.410314 0.412656 0.41167 0.407037 0.398483 0.385775 0.368706 0.347086 0.320731 0.28945 0.253027 0.211206 0.16367 0.110013 0.0497159 -0.0178916 -0.0936725 -0.178731 -0.274475 -0.382683 
0.19509 0.199596 0.209881 0.224469 0.242086 0.261625 0.282128 0.302759 0.32279 0.34159 0.358609 0.373375 0.385483 0.394587 0.400401 0.402689 0.40126 0.395966 0.386697 0.373376 0.355948 0.334383 0.308661 0.278765 0.244676 0.206353 0.163727 0.116679 0.0650243 0.00848901 -0.0533178 -0.120935 -0.19509 
1.22465e-16 0.0391428 0.0779084 0.115923 0.152822 0.188249 0.221862 0.253339 0.282377 0.308695 0.33204 0.352187 0.368942 0.382145 0.391667 0.397417 0.39934 0.397417 0.391667 0.382145 0.368942 0.352186 0.332038 0.308693 0.282375 0.253337 0.22186 0.188246 0.152819 0.11592 0.0779058 0.0391412 -1.22465e-16 
-0.19509 -0.120934 -0.0533152 0.00849206 0.0650276 0.116682 0.16373 0.206356 0.244678 0.278767 0.308662 0.334384 0.355949 0.373376 0.386698 0.395967 0.40126 0.40269 0.400402 0.394588 0.385483 0.373375 0.358608 0.341588 0.322788 0.302756 0.282125 0.261622 0.242082 0.224466 0.209878 0.199594 0.19509 
-0.382683 -0.274473 -0.178729 -0.0936696 -0.0178884 0.0497191 0.110016 0.163672 0.211209 0.253029 0.289452 0.320733 0.347087 0.368707 0.385776 0.398485 0.407038 0.411672 0.412657 0.410315 0.40502 0.397217 0.387426 0.376259 0.364428 0.35277 0.342259 0.334032 0.32942 0.329982 0.337546 0.354266 0.382683 
-0.55557 -0.415548 -0.293459 -0.186555 -0.0926333 -0.00993605 0.0629384 0.127105 0.18345 0.232684 0.275378 0.312003 0.342955 0.368582 0.389209 0.40515 0.416729 0.424295 0.428234 0.428987 0.42706 0.423041 0.417616 0.411586 0.405892 0.401633 0.400104 0.402823 0.411582 0.428493 0.456058 0.497241 0.55557 
-0.707107 -0.538692 -0.393006 -0.266459 -0.156156 -0.0597712 0.0245658 0.0983544 0.1628 0.218874 0.26737 0.30894 0.34414 0.373453 0.397322 0.416171 0.430427 0.440538 0.446991 0.450333 0.451186 0.450265 0.448403 0.446573 0.445914 0.447764 0.453697 0.465573 0.485589 0.51635 0.560949 0.623069 0.707107 
-0.83147 -0.639106 -0.473415 -0.33012 -0.205764 -0.0975608 -0.0032616 0.0789436 0.150516 0.212639 0.266281 0.312243 0.351206 0.383761 0.410449 0.43178 0.448264 0.460432 0.468853 0.474163 0.477078 0.478423 0.479154 0.480385 0.483423 0.489806 0.501344 0.520179 0.548849 0.590366 0.648317 0.72698 0.83147 
-0.92388 -0.712849 -0.531429 -0.374842 -0.239223 -0.121448 -0.0189979 0.0701624 0.147677 0.214881 0.272867 0.322542 0.364673 0.399932 0.428926 0.452229 0.470413 0.484066 0.493822 0.500381 0.504535 0.507191 0.509399 0.512385 0.517584 0.526688 0.54169 0.564947 0.599259 0.647947 0.714973 0.805065 0.92388 
-0.980785 -0.756982 -0.564611 -0.398599 -0.254839 -0.130014 -0.0214469 0.0730238 0.155146 0.226337 0.28776 0.340378 0.385008 0.422363 0.453087 0.477793 0.497085 0.51159 0.521981 0.528999 0.533485 0.536401 0.538861 0.542165 0.547837 0.557669 0.573776 0.59866 0.635289 0.687189 0.758563 0.854427 0.980785 
-1 -0.769684 -0.571436 -0.400104 -0.251521 -0.122324 -0.009802 0.0882313 0.173541 0.247559 0.311454 0.366199 0.412615 0.451419 0.483263 0.508766 0.52854 0.543225 0.553506 0.560144 0.564 0.566062 0.567474 0.569574 0.573926 0.582371 0.597082 0.620626 0.656045 0.706956 0.777661 0.873295 1 
-0.980785 -0.750318 -0.551346 -0.378861 -0.228818 -0.0979611 0.0163294 0.11616 0.203226 0.278899 0.344296 0.400345 0.447828 0.48743 0.519776 0.545461 0.565081 0.579258 0.588669 0.594066 0.596304 0.596367 0.595397 0.594726 0.595917 0.600805 0.611552 0.630713 0.66131 0.706927 0.771828 0.861092 0.980785 
-0.92388 -0.699455 -0.504771 -0.335176 -0.186931 -0.0570335 0.0569189 0.15685 0.244301 0.32051 0.386485 0.443053 0.490918 0.530695 0.562946 0.588218 0.607059 0.620054 0.627842 0.631143 0.63078 0.627702 0.623016 0.618014 0.614208 0.613376 0.617606 0.629362 0.651551 0.687614 0.741632 0.818459 0.92388 
-0.83147 -0.618854 -0.433106 -0.270142 -0.126696 -0.000162831 0.111528 0.210019 0.296615 0.372355 0.438076 0.494462 0.542094 0.58148 0.613094 0.6374 0.65488 0.666052 0.671499 0.671881 0.667966 0.660642 0.650948 0.640101 0.629523 0.620881 0.616133 0.617577 0.627917 0.650344 0.688627 0.747233 0.83147 
-0.707107 -0.511386 -0.338658 -0.185592 -0.0495496 0.0715492 0.179335 0.275082 0.359784 0.434218 0.498999 0.554624 0.601512 0.640035 0.670547 0.693407 0.709004 0.717773 0.720215 0.716915 0.708557 0.695948 0.680032 0.661917 0.642898 0.624491 0.608467 0.596894 0.592196 0.597217 0.615297 0.650375 0.707107 
-0.55557 -0.380927 -0.224549 -0.0840191 0.04254 0.156573 0.25918 0.351189 0.433219 0.505732 0.569075 0.62352 0.669293 0.706599 0.735648 0.756675 0.769955 0.775819 0.774672 0.767003 0.753398 0.734558 0.711312 0.684633 0.65566 0.625718 0.596346 0.569334 0.546757 0.53103 0.524969 0.531864 0.55557 
-0.382683 -0.232201 -0.0945909 0.031524 0.147155 0.253023 0.349622 0.437274 0.51617 0.586414 0.648049 0.701089 0.745539 0.781417 0.80877 0.827688 0.838318 0.840875 0.835651 0.823024 0.803471 0.777573 0.746023 0.709643 0.66939 0.626373 0.581866 0.537337 0.494465 0.455177 0.421686 0.39654 0.382683 
-0.19509 -0.0706031 0.0468618 0.157551 0.261533 0.358741 0.449012 0.532113 0.607774 0.675704 0.735617 0.787246 0.830356 0.86476 0.890326 0.906988 0.914755 0.913711 0.90403 0.885971 0.85989 0.826237 0.785564 0.738526 0.685884 0.628515 0.567409 0.503683 0.43859 0.373527 0.310057 0.249926 0.19509 
-2.44929e-16 0.0980171 0.19509 0.290285 0.382683 0.471397 0.55557 0.634393 0.707107 0.77301 0.83147 0.881921 0.92388 0.95694 0.980785 0.995185 1 0.995185 0.980785 0.95694 0.92388 0.881921 0.83147 0.77301 0.707107 0.634393 0.55557 0.471397 0.382683 0.290285 0.19509 0.0980171 2.44929e-16 
