0 0.19509 0.382683 0.55557 0.707107 0.83147 0.92388 0.980785 1 0.980785 0.92388 0.83147 0.707107 0.55557 0.382683 0.19509 1.22465e-16 
0.382683 0.422694 0.495857 0.583311 0.670721 0.747162 0.804383 0.836317 0.838726 0.808902 0.74538 0.647587 0.515416 0.348631 0.146076 -0.0954395 -0.382683 
0.707107 0.617145 0.594739 0.611094 0.645305 0.682075 0.710173 0.721374 0.709682 0.670718 0.601148 0.498084 0.358338 0.177463 -0.051572 -0.340241 -0.707107 
0.92388 0.74404 0.65486 0.62102 0.617328 0.625656 0.632859 0.629322 0.60791 0.563136 0.490412 0.385261 0.242387 0.0544533 -0.189586 -0.506845 -0.92388 
1 0.780274 0.659641 0.600797 0.577328 0.570362 0.566284 0.555143 0.529497 0.483504 0.412099 0.31016 0.171495 -0.0124509 -0.254381 -0.573674 -1 
0.92388 0.717414 0.602633 0.545197 0.520823 0.512179 0.50677 0.495466 0.471431 0.429279 0.364321 0.271782 0.145881 -0.0213709 -0.241815 -0.533471 -0.92388 
0.707107 0.562871 0.488276 0.456533 0.448586 0.450758 0.453147 0.448516 0.431478 0.397859 0.344121 0.266765 0.161617 0.0229 -0.158037 -0.394516 -0.707107 
0.382683 0.338685 0.331067 0.344072 0.366228 0.389116 0.406543 0.413971 0.408105 0.386555 0.347537 0.289538 0.21092 0.10939 -0.0187167 -0.17945 -0.382683 
1.22465e-16 0.0781175 0.153233 0.222459 0.283136 0.332932 0.369934 0.392719 0.400412 0.392717 0.369931 0.332929 0.283132 0.222455 0.153229 0.0781156 -1.22465e-16 
-0.382683 -0.179449 -0.0187141 0.109393 0.210922 0.28954 0.347538 0.386555 0.408104 0.413969 0.406539 0.389111 0.366223 0.344068 0.331063 0.338683 0.382683 
-0.707107 -0.394515 -0.158035 0.0229022 0.161619 0.266766 0.344121 0.397858 0.431476 0.448513 0.453142 0.450752 0.448581 0.456528 0.488272 0.562869 0.707107 
-0.92388 -0.53347 -0.241814 -0.0213696 0.145882 0.271782 0.36432 0.429277 0.471427 0.495461 0.506764 0.512173 0.520817 0.545192 0.602629 0.717412 0.92388 
-1 -0.573674 -0.254381 -0.0124503 0.171495 0.310159 0.412098 0.483501 0.529493 0.555138 0.566279 0.570357 0.577322 0.600792 0.659638 0.780272 1 
-0.92388 -0.506845 -0.189586 0.0544533 0.242386 0.38526 0.49041 0.563133 0.607906 0.629318 0.632854 0.625651 0.617323 0.621016 0.654857 0.744038 0.92388 
-0.707107 -0.340241 -0.051572 0.177462 0.358337 0.498083 0.601147 0.670715 0.709679 0.72137 0.710169 0.682071 0.645301 0.611091 0.594737 0.617144 0.707107 
-0.382683 -0.0954395 0.146076 0.348631 0.515415 0.647587 0.745378 0.808901 0.838724 0.836315 0.804381 0.74716 0.670719 0.583309 0.495856 0.422693 0.382683 
-2.44929e-16 0.19509 0.382683 0.55557 0.707107 0.83147 0.92388 0.980785 1 0.980785 0.92388 0.83147 0.707107 0.55557 0.382683 0.19509 2.44929e-16 
